Date,Open,High,Low,Close,Volume
5-Jun-15,429.66,430.80,426.50,426.95,1907855
4-Jun-15,434.40,436.76,429.26,430.78,2510761
3-Jun-15,434.40,438.39,432.75,436.59,2727914
2-Jun-15,430.07,433.23,426.25,430.99,1669845
1-Jun-15,430.40,433.16,426.20,430.92,2253264
29-May-15,427.23,432.50,427.23,429.23,3016060
28-May-15,429.71,431.35,425.47,426.57,1912436
27-May-15,427.45,431.85,425.01,431.42,2231088
26-May-15,426.20,427.00,422.00,425.47,2244185
22-May-15,431.55,432.44,427.61,427.63,2020629
21-May-15,428.00,436.90,428.00,431.63,4121401
20-May-15,420.60,427.10,418.36,423.86,2196159
19-May-15,424.87,428.24,420.63,421.71,2465240
18-May-15,426.00,427.27,421.46,425.24,2390229
15-May-15,428.00,430.40,424.30,426.00,4240306
14-May-15,429.45,433.00,427.01,432.28,1888477
13-May-15,429.98,433.53,425.80,426.87,1996328
12-May-15,431.08,433.25,426.71,431.02,1947822
11-May-15,432.51,439.00,431.37,432.85,2393737
8-May-15,430.75,435.20,430.17,433.69,2908838
7-May-15,424.15,428.50,422.85,426.88,2766132
6-May-15,421.43,422.72,414.55,419.10,2552474
5-May-15,422.85,427.51,421.02,421.19,2856386
4-May-15,424.80,429.77,422.42,423.04,2270448
1-May-15,423.82,425.64,416.00,422.87,3565824
30-Apr-15,427.11,431.75,419.24,421.78,3647877
29-Apr-15,426.75,434.24,426.03,429.37,3621688
28-Apr-15,438.51,439.00,428.04,429.31,4140483
27-Apr-15,443.86,446.99,437.41,438.56,5430949
24-Apr-15,439.00,452.65,439.00,445.10,17176904
23-Apr-15,390.21,391.88,386.15,389.99,7979985
22-Apr-15,391.91,394.28,388.00,389.80,3474724
21-Apr-15,391.31,394.60,386.80,391.18,4643524
20-Apr-15,378.55,391.94,377.00,389.51,5016148
17-Apr-15,382.63,383.56,374.40,375.56,3839664
16-Apr-15,383.69,387.45,383.55,386.04,2080418
15-Apr-15,384.65,385.78,381.64,383.45,1933229
14-Apr-15,383.51,387.81,381.21,385.11,2583575
13-Apr-15,383.53,385.28,380.14,382.36,1894453
10-Apr-15,384.31,387.12,381.32,382.65,2573519
9-Apr-15,380.66,384.42,378.80,383.54,2392328
8-Apr-15,374.66,381.58,374.65,381.20,2636434
7-Apr-15,376.15,379.31,374.03,374.41,1954902
6-Apr-15,370.10,380.20,369.36,377.04,3050709
2-Apr-15,370.50,373.28,369.00,372.25,1875279
1-Apr-15,372.10,373.16,368.34,370.26,2458095
31-Mar-15,373.24,377.70,371.51,372.10,2506122
30-Mar-15,371.87,376.12,371.55,374.59,1820933
27-Mar-15,367.11,373.17,366.57,370.56,2609774
26-Mar-15,369.59,371.40,365.65,367.35,2929962
25-Mar-15,375.17,380.50,370.28,370.96,3429497
24-Mar-15,373.99,375.24,372.27,374.09,2228214
23-Mar-15,378.07,381.77,374.94,375.11,2239343
20-Mar-15,376.29,379.37,375.92,378.49,3763553
19-Mar-15,373.87,377.11,372.19,373.24,1915671
18-Mar-15,369.97,375.99,366.70,375.14,2654135
17-Mar-15,371.11,374.50,369.64,371.92,2036961
16-Mar-15,370.38,373.94,366.72,373.35,2354059
13-Mar-15,371.52,373.99,366.68,370.58,2611658
12-Mar-15,368.82,375.50,367.52,374.24,2810001
11-Mar-15,370.61,373.35,366.26,366.37,2495097
10-Mar-15,377.45,377.77,369.18,369.51,3120972
9-Mar-15,378.40,379.33,375.28,378.56,2311390
6-Mar-15,385.52,387.00,378.88,380.09,2627042
5-Mar-15,385.61,388.42,383.89,387.83,2693518
4-Mar-15,385.71,387.90,382.19,382.72,2259141
3-Mar-15,383.95,386.10,381.60,384.61,1946498
2-Mar-15,380.85,385.90,379.48,385.66,2139205
27-Feb-15,384.00,385.99,379.79,380.16,2532309
26-Feb-15,384.07,389.37,383.28,384.80,2687107
25-Feb-15,377.27,387.85,376.54,385.37,3174495
24-Feb-15,378.65,380.48,376.16,378.59,1921850
23-Feb-15,383.44,384.54,378.00,380.14,2176989
20-Feb-15,378.62,383.70,375.84,383.66,3258023
19-Feb-15,373.49,381.88,373.43,379.00,2953752
18-Feb-15,375.42,376.74,372.85,373.37,2650610
17-Feb-15,377.72,379.98,372.67,375.43,3673208
13-Feb-15,378.41,383.00,377.01,381.83,3475069
12-Feb-15,375.10,378.51,373.15,377.17,2791050
11-Feb-15,371.23,377.10,371.10,375.14,2786523
10-Feb-15,371.19,374.30,368.51,373.00,2287232
9-Feb-15,371.00,374.41,367.20,370.56,2724630
6-Feb-15,374.87,375.99,371.01,374.28,3892382
5-Feb-15,366.00,378.80,365.90,373.89,7247605
4-Feb-15,358.38,367.50,358.23,364.75,4169927
3-Feb-15,360.29,367.82,360.21,363.55,6212565
2-Feb-15,350.05,365.00,350.01,364.47,10231914
30-Jan-15,346.32,359.50,340.74,354.53,23856060
29-Jan-15,304.73,312.80,299.33,311.78,8656567
28-Jan-15,309.81,311.51,303.80,303.91,3063774
27-Jan-15,306.30,310.24,302.62,306.75,2920315
26-Jan-15,311.82,313.00,307.52,309.66,3169665
23-Jan-15,308.08,316.93,307.72,312.39,4496419
22-Jan-15,300.00,312.25,300.00,310.32,5362640
21-Jan-15,289.64,306.00,287.26,297.25,10065076
20-Jan-15,292.59,293.36,286.39,289.44,3075081
16-Jan-15,286.28,290.79,285.25,290.74,3478176
15-Jan-15,294.00,296.00,286.82,286.95,4419196
14-Jan-15,291.93,295.91,286.50,293.27,5538666
13-Jan-15,297.48,301.50,293.23,294.74,4136442
12-Jan-15,297.56,298.51,289.28,291.41,3421392
9-Jan-15,301.48,302.87,296.68,296.93,2592360
8-Jan-15,300.32,303.14,296.11,300.46,3088398
7-Jan-15,297.50,301.28,295.33,298.42,2640349
6-Jan-15,302.24,303.00,292.38,295.29,3519034
5-Jan-15,307.01,308.38,300.85,302.19,2774231
2-Jan-15,312.58,314.75,306.96,308.52,2788101
31-Dec-14,311.55,312.98,310.01,310.35,2057766
30-Dec-14,309.91,313.94,309.34,310.30,2093023
29-Dec-14,307.85,314.27,306.58,312.04,3009046
26-Dec-14,305.00,310.78,303.81,309.09,2893801
24-Dec-14,306.38,307.00,302.88,303.03,1518107
23-Dec-14,306.98,307.49,303.25,306.28,2718359
22-Dec-14,301.94,307.36,301.94,306.54,4003827
19-Dec-14,296.91,301.54,295.52,299.90,8709129
18-Dec-14,304.01,304.50,293.25,297.73,7738067
17-Dec-14,296.37,299.67,293.03,298.88,4433505
16-Dec-14,304.35,304.49,295.01,295.06,6501252
15-Dec-14,308.87,310.86,302.15,306.07,3841577
12-Dec-14,303.99,310.64,303.01,307.32,3162322
11-Dec-14,307.89,312.64,306.01,307.36,3272919
10-Dec-14,312.00,313.19,304.68,305.84,3245890
9-Dec-14,302.99,313.64,301.14,312.50,4049506
8-Dec-14,311.57,316.56,304.82,306.64,3639180
5-Dec-14,316.80,316.93,310.84,312.63,3265214
4-Dec-14,315.53,318.59,313.47,316.93,3296642
3-Dec-14,325.73,326.77,314.36,316.50,5689904
2-Dec-14,327.50,327.93,323.25,326.31,2790257
1-Dec-14,338.12,340.64,325.93,326.00,4944861
28-Nov-14,336.03,341.26,336.03,338.64,3051798
26-Nov-14,333.78,334.65,331.75,333.57,1985949
25-Nov-14,335.27,336.33,331.28,335.04,2564989
24-Nov-14,334.78,337.39,333.60,335.64,2754186
21-Nov-14,335.42,338.33,331.47,332.63,4466587
20-Nov-14,324.00,332.67,323.33,330.54,3436721
19-Nov-14,327.25,328.40,324.02,326.54,3281614
18-Nov-14,323.99,329.56,323.25,324.93,3551161
17-Nov-14,326.44,328.00,318.03,323.05,4784933
14-Nov-14,317.12,332.88,316.40,327.82,8877785
13-Nov-14,312.00,317.89,311.51,316.48,3686428
12-Nov-14,310.75,312.58,308.79,311.51,2182982
11-Nov-14,305.94,312.38,303.65,312.01,3807333
10-Nov-14,300.00,305.80,300.00,305.11,2809056
7-Nov-14,297.82,299.99,296.29,299.86,2647352
6-Nov-14,296.69,297.00,292.29,296.64,3758121
5-Nov-14,303.01,304.00,294.16,296.52,4674492
4-Nov-14,303.99,304.25,300.17,302.81,3427384
3-Nov-14,306.24,308.01,303.24,305.72,3244150
31-Oct-14,305.15,305.72,301.50,305.46,4551795
30-Oct-14,293.98,299.74,292.36,299.07,4055155
29-Oct-14,299.11,299.61,293.07,294.12,4883259
28-Oct-14,289.76,298.00,289.76,295.59,5576646
27-Oct-14,285.70,290.42,285.02,289.97,5950594
24-Oct-14,284.40,293.81,284.00,287.06,19805911
23-Oct-14,313.40,316.80,311.40,313.18,9038193
22-Oct-14,315.43,318.98,312.64,312.97,3130049
21-Oct-14,309.90,315.64,307.07,315.33,3563351
20-Oct-14,302.95,306.53,302.02,306.21,3239490
17-Oct-14,307.15,309.20,302.72,303.64,4409218
16-Oct-14,293.83,306.82,293.83,302.86,4731866
15-Oct-14,304.35,307.90,299.10,305.97,5348254
14-Oct-14,308.00,312.24,305.75,308.31,3385809
13-Oct-14,309.87,313.20,303.47,306.45,4369850
10-Oct-14,314.02,317.77,311.38,311.39,3684314
9-Oct-14,321.49,322.27,314.52,315.37,3589464
8-Oct-14,316.58,324.11,314.14,322.70,3458960
7-Oct-14,319.43,322.00,316.67,316.98,2365698
6-Oct-14,323.50,324.13,319.60,322.20,2294194
3-Oct-14,320.36,325.16,319.53,322.74,3037891
2-Oct-14,316.92,318.53,311.31,318.41,3553944
1-Oct-14,322.04,322.16,315.55,317.46,3096735
30-Sep-14,321.36,323.43,318.51,322.44,2639967
29-Sep-14,320.50,323.75,319.00,321.82,1929589
26-Sep-14,320.60,323.50,317.64,323.21,3639155
25-Sep-14,327.99,328.54,321.40,321.93,2934944
24-Sep-14,324.17,329.44,319.56,328.21,2647232
23-Sep-14,322.46,327.60,321.25,323.63,2353590
22-Sep-14,328.49,329.49,321.06,324.50,3118649
19-Sep-14,327.60,332.76,325.57,331.32,6886382
18-Sep-14,325.44,327.10,323.71,325.00,2577706
17-Sep-14,327.76,328.00,321.52,324.00,4138950
16-Sep-14,321.07,329.48,320.10,327.76,3265860
15-Sep-14,330.91,331.33,319.00,323.89,4006918
12-Sep-14,329.56,332.89,328.79,331.19,3429727
11-Sep-14,329.94,333.01,326.39,330.52,2721893
10-Sep-14,334.30,334.98,328.82,331.33,3798904
9-Sep-14,341.61,341.76,329.18,329.75,4646832
8-Sep-14,344.54,345.81,339.04,342.34,2960693
5-Sep-14,346.30,346.83,342.50,346.38,2111220
4-Sep-14,343.69,349.38,343.58,345.95,3965557
3-Sep-14,342.54,343.27,337.55,339.00,1998540
2-Sep-14,339.98,342.50,337.16,342.38,2328881
29-Aug-14,341.76,341.82,337.68,339.04,1939848
28-Aug-14,340.00,341.79,338.80,340.02,2254725
27-Aug-14,342.09,346.67,341.34,343.18,2961767
26-Aug-14,337.00,344.36,334.55,341.83,3654702
25-Aug-14,333.21,336.77,332.71,334.02,1960978
22-Aug-14,332.99,334.08,330.80,331.59,2212965
21-Aug-14,336.48,336.58,332.23,332.91,1975792
20-Aug-14,334.68,337.16,334.02,335.78,1811462
19-Aug-14,334.87,335.81,333.01,335.13,1714120
18-Aug-14,335.48,337.80,333.77,334.53,2488186
15-Aug-14,334.00,335.00,328.32,333.63,3897928
14-Aug-14,327.80,334.09,326.71,333.21,3420646
13-Aug-14,327.60,331.72,326.14,326.28,4945094
12-Aug-14,318.89,321.31,316.95,319.32,1916143
11-Aug-14,318.48,320.38,316.88,318.33,2472819
8-Aug-14,311.94,317.32,310.66,316.80,2708416
7-Aug-14,315.21,315.88,309.66,311.45,2936913
6-Aug-14,310.83,315.78,310.20,313.89,2297476
5-Aug-14,313.65,314.55,310.06,312.32,2856294
4-Aug-14,308.84,316.18,308.50,313.65,4208660
1-Aug-14,313.69,315.83,304.59,307.06,7443091
31-Jul-14,320.01,320.68,311.86,312.99,5193770
30-Jul-14,321.45,322.73,318.50,322.51,3973213
29-Jul-14,321.98,322.90,319.50,320.00,2885644
28-Jul-14,324.25,324.82,316.50,320.41,5933999
25-Jul-14,317.30,324.87,314.76,324.01,17855141
24-Jul-14,359.98,364.85,358.52,358.61,7088655
23-Jul-14,359.05,360.63,356.62,358.14,2688761
22-Jul-14,355.25,362.93,355.25,360.84,2889366
21-Jul-14,358.10,361.71,356.72,359.76,2282741
18-Jul-14,354.40,359.68,352.08,358.66,3410032
17-Jul-14,353.44,356.96,351.38,352.45,3640290
16-Jul-14,355.62,359.32,353.00,355.90,3505023
15-Jul-14,353.72,355.59,349.40,354.44,4176758
14-Jul-14,347.03,355.77,345.36,355.32,5615482
11-Jul-14,334.71,347.00,334.71,346.20,8309079
10-Jul-14,324.34,329.98,322.65,327.92,2665753
9-Jul-14,324.71,330.20,323.15,329.97,3167133
8-Jul-14,333.10,333.74,321.40,323.81,4275447
7-Jul-14,337.50,337.55,332.52,333.55,2130028
3-Jul-14,334.83,338.30,333.08,337.49,1944300
2-Jul-14,333.20,336.76,331.66,332.85,2681578
1-Jul-14,325.86,333.20,325.10,332.39,3178548
30-Jun-14,324.98,326.98,322.24,324.78,2672165
27-Jun-14,325.88,326.52,323.27,324.57,2419626
26-Jun-14,328.49,328.65,322.13,325.69,2699908
25-Jun-14,324.33,328.15,321.74,327.44,2328006
24-Jun-14,327.54,329.73,322.74,324.16,2627978
23-Jun-14,323.33,327.55,321.41,327.24,2609628
20-Jun-14,327.76,328.22,320.42,324.20,6056210
19-Jun-14,335.26,338.90,325.98,327.00,5327002
18-Jun-14,328.00,335.75,325.00,334.38,6409334
17-Jun-14,327.54,331.34,325.23,325.62,2924058
16-Jun-14,324.86,328.69,323.52,327.62,2449843
13-Jun-14,327.05,329.30,323.53,326.27,2766909
12-Jun-14,335.55,335.55,324.66,325.91,4276316
11-Jun-14,336.00,340.72,333.88,335.20,4439178
10-Jun-14,327.65,335.50,327.50,332.41,3668904
9-Jun-14,331.57,333.00,325.65,327.50,3212755
