Date,Open,High,Low,Close,Volume
29-May-15,103.00,103.10,100.20,100.70,2023928
28-May-15,104.20,104.95,102.15,103.05,1704937
27-May-15,103.50,105.45,102.70,104.90,1840832
26-May-15,105.20,106.55,102.55,103.60,2308592
22-May-15,105.25,105.55,104.00,104.80,1386501
21-May-15,106.00,106.30,103.90,105.35,1625269
20-May-15,107.45,107.70,105.80,106.45,1307453
19-May-15,104.50,107.65,104.50,107.15,2736997
18-May-15,102.00,103.45,101.05,103.35,1594978
15-May-15,105.55,105.90,101.45,102.00,2600927
14-May-15,101.50,104.95,100.05,104.60,2342047
13-May-15,105.85,106.65,104.00,104.90,2524029
12-May-15,108.45,108.55,104.90,106.35,2661247
11-May-15,109.90,110.00,108.20,109.30,1548211
8-May-15,105.80,109.50,104.60,109.50,2848869
7-May-15,103.60,105.25,102.00,104.60,2172455
6-May-15,106.50,108.45,101.50,104.10,3585784
5-May-15,106.70,109.30,106.00,106.50,2045175
4-May-15,106.95,108.10,105.25,106.75,1417230
30-Apr-15,106.50,108.10,104.70,106.10,2293553
29-Apr-15,110.60,110.75,105.45,106.35,2720609
28-Apr-15,113.75,114.25,108.75,109.85,2062331
27-Apr-15,111.50,113.40,110.00,113.00,1523575
24-Apr-15,110.80,111.50,109.40,110.45,1469805
23-Apr-15,110.50,111.50,108.60,110.25,1884209
22-Apr-15,112.85,113.45,108.85,110.00,2336912
21-Apr-15,112.75,113.40,111.90,112.00,1309402
20-Apr-15,111.05,113.05,110.85,111.70,1828615
17-Apr-15,112.70,113.90,110.10,110.40,2402282
16-Apr-15,115.65,115.85,112.75,112.90,1900217
15-Apr-15,115.20,117.00,114.95,115.40,1455244
14-Apr-15,116.20,117.10,114.60,115.15,1640549
13-Apr-15,117.25,117.90,116.15,116.25,1295423
10-Apr-15,116.90,117.85,116.00,117.35,1481240
9-Apr-15,115.15,116.20,114.00,116.20,1616394
8-Apr-15,114.00,114.20,111.80,113.25,1938165
7-Apr-15,116.30,116.30,113.85,114.90,1567562
2-Apr-15,115.70,116.55,114.25,114.95,1107060
1-Apr-15,115.50,117.60,114.90,115.50,1663499
31-Mar-15,117.00,117.60,114.90,116.45,1922608
30-Mar-15,117.10,118.55,116.70,118.00,1198811
27-Mar-15,117.10,118.85,114.90,116.10,1870303
26-Mar-15,112.85,116.45,110.55,116.45,2379172
25-Mar-15,115.90,116.95,113.85,114.15,1580463
24-Mar-15,112.80,115.60,111.80,115.10,1938037
23-Mar-15,116.70,116.70,113.40,113.75,1697260
20-Mar-15,116.90,118.35,116.10,116.75,2984667
19-Mar-15,115.35,117.05,114.20,116.60,2544757
18-Mar-15,121.25,121.70,113.70,115.90,4162275
17-Mar-15,123.30,123.75,120.10,121.00,2158329
16-Mar-15,120.50,123.40,120.35,122.60,2002769
13-Mar-15,119.70,120.10,117.20,119.95,1479424
12-Mar-15,119.20,119.25,116.35,118.55,2214793
11-Mar-15,113.80,119.65,113.80,119.35,2282116
10-Mar-15,114.35,114.95,112.25,113.70,1559777
9-Mar-15,115.00,115.20,114.00,114.35,1375639
6-Mar-15,114.95,116.30,114.35,115.30,1314922
5-Mar-15,114.05,114.70,113.15,114.50,1341334
4-Mar-15,111.90,113.20,110.60,113.00,1947448
3-Mar-15,114.20,114.75,110.95,111.00,1388578
2-Mar-15,113.50,114.85,112.70,114.20,1501878
27-Feb-15,111.90,113.00,110.45,113.00,1761239
26-Feb-15,109.70,112.05,109.65,112.00,1319509
25-Feb-15,110.80,111.00,109.10,109.65,1316753
24-Feb-15,111.40,111.70,109.60,110.65,1396309
23-Feb-15,112.45,112.95,110.90,111.65,1213324
20-Feb-15,109.45,111.20,109.00,111.10,2282118
19-Feb-15,108.35,109.65,107.85,109.45,1029587
18-Feb-15,107.50,108.75,107.25,108.75,952729
17-Feb-15,106.15,106.95,104.40,106.75,989415
16-Feb-15,107.15,107.45,106.10,106.60,726571
13-Feb-15,107.75,107.95,106.90,107.80,1154337
12-Feb-15,104.75,107.50,104.75,106.70,1288502
11-Feb-15,104.65,105.00,103.40,104.45,859053
10-Feb-15,102.75,105.60,102.45,104.70,1595601
9-Feb-15,105.50,105.75,101.45,102.50,1964708
6-Feb-15,106.75,107.20,105.80,106.85,943311
5-Feb-15,105.85,108.35,105.60,106.65,1389057
4-Feb-15,105.80,106.65,104.65,106.65,1334047
3-Feb-15,105.05,108.15,104.50,106.30,1987805
2-Feb-15,103.65,104.65,102.75,104.25,1109509
30-Jan-15,103.90,104.00,102.45,103.40,1644077
29-Jan-15,102.20,103.25,101.20,102.95,1402025
28-Jan-15,103.00,103.65,101.35,103.10,1465512
27-Jan-15,103.05,104.65,101.25,102.00,2657376
26-Jan-15,102.40,105.55,102.25,105.25,2068695
23-Jan-15,99.27,103.30,99.16,102.80,3804962
22-Jan-15,95.33,98.53,95.08,98.04,3261028
21-Jan-15,94.49,95.25,93.66,94.92,2118747
20-Jan-15,94.45,95.41,94.33,94.74,1851296
19-Jan-15,94.05,95.11,93.35,94.22,1510553
16-Jan-15,90.70,94.00,90.32,93.59,2767649
15-Jan-15,89.68,91.29,86.88,91.07,2373034
14-Jan-15,89.00,90.48,88.57,88.78,2081147
13-Jan-15,88.65,91.35,88.59,90.63,1693734
12-Jan-15,88.00,89.17,87.13,88.65,1932427
9-Jan-15,89.00,90.05,87.48,88.16,1976705
8-Jan-15,87.52,89.87,86.88,89.39,1837539
7-Jan-15,86.40,87.05,85.27,86.29,1239393
6-Jan-15,85.80,87.12,84.55,85.83,1841589
5-Jan-15,87.18,87.23,84.55,85.08,2308143
30-Dec-14,90.70,90.79,89.60,89.77,599968
29-Dec-14,90.80,91.07,89.06,91.01,759811
23-Dec-14,90.19,90.83,89.74,90.83,786728
22-Dec-14,90.47,90.95,89.60,90.02,848060
19-Dec-14,91.00,91.40,88.64,89.94,2719427
18-Dec-14,89.00,90.33,88.50,90.33,1784143
17-Dec-14,86.76,88.04,86.56,87.50,1489245
16-Dec-14,85.36,88.06,83.26,88.06,3185401
15-Dec-14,87.76,88.85,85.01,85.01,1724828
12-Dec-14,89.70,89.95,87.85,87.98,1313492
11-Dec-14,89.81,90.85,89.41,90.31,1414872
10-Dec-14,89.70,90.55,89.29,89.79,1308754
9-Dec-14,90.06,91.17,88.90,88.90,1861352
8-Dec-14,92.11,92.37,91.52,91.60,777888
5-Dec-14,90.70,92.49,90.10,92.35,1791046
4-Dec-14,91.22,92.65,89.59,89.87,2128986
3-Dec-14,91.55,91.99,90.25,91.25,1618541
2-Dec-14,92.50,92.99,91.32,91.81,1475945
1-Dec-14,91.10,92.23,90.75,92.23,1390981
28-Nov-14,91.49,91.95,91.11,91.95,1057782
27-Nov-14,90.73,91.59,90.16,91.49,1174101
26-Nov-14,90.40,90.97,89.70,90.48,1161454
25-Nov-14,89.78,90.60,89.50,90.35,1658042
24-Nov-14,88.19,90.11,87.84,89.40,1704896
21-Nov-14,85.40,88.42,85.32,88.16,3609291
20-Nov-14,85.00,85.07,84.03,84.90,1094314
19-Nov-14,84.40,85.33,83.80,84.75,1206646
18-Nov-14,83.50,84.61,83.16,84.43,1232494
17-Nov-14,82.16,83.70,81.73,83.46,1217653
14-Nov-14,83.00,83.51,82.05,83.06,1318386
13-Nov-14,83.06,83.76,82.30,82.72,1411305
12-Nov-14,83.80,84.07,82.23,82.71,1640682
11-Nov-14,83.72,84.58,83.32,84.31,1275866
10-Nov-14,83.16,84.25,82.63,83.91,1139438
7-Nov-14,85.08,85.22,82.67,83.33,1546059
6-Nov-14,83.64,85.58,83.41,84.38,1864472
5-Nov-14,83.00,84.76,83.00,83.85,1752348
4-Nov-14,84.90,85.03,82.07,82.89,2954729
3-Nov-14,85.40,85.98,84.96,85.27,1863460
31-Oct-14,84.76,85.67,84.25,85.32,2141755
30-Oct-14,83.65,84.47,81.20,83.03,1898649
29-Oct-14,83.11,83.50,82.54,82.67,1095569
28-Oct-14,81.85,82.64,81.59,82.42,1249074
27-Oct-14,82.99,83.16,80.28,81.29,1435998
24-Oct-14,83.02,83.54,81.85,82.29,1457338
23-Oct-14,82.17,84.17,81.21,83.15,1993179
22-Oct-14,82.12,82.93,81.66,82.59,2303419
21-Oct-14,78.45,81.76,77.44,81.35,3029731
20-Oct-14,80.50,80.69,78.82,79.61,1671279
17-Oct-14,78.62,80.75,77.99,80.57,3401061
16-Oct-14,77.73,78.50,74.74,77.85,3706338
15-Oct-14,79.78,79.81,76.37,77.41,2906796
14-Oct-14,78.90,80.86,78.12,79.47,2633930
13-Oct-14,78.60,80.34,77.58,79.44,1928803
10-Oct-14,81.65,82.01,79.08,79.53,2989386
9-Oct-14,83.00,83.75,82.08,82.50,2699442
8-Oct-14,81.94,82.34,80.73,81.24,1922162
7-Oct-14,81.61,83.17,81.08,82.33,2319786
6-Oct-14,85.43,85.54,81.65,81.98,2928672
2-Oct-14,84.98,86.35,83.57,83.62,2453539
1-Oct-14,86.00,86.56,84.54,84.83,2116762
30-Sep-14,84.67,85.30,83.94,85.02,1684287
29-Sep-14,85.60,85.96,84.39,85.21,1260715
26-Sep-14,85.31,86.20,84.86,85.64,1305575
25-Sep-14,86.73,87.44,84.96,85.25,1758490
24-Sep-14,85.25,86.82,84.63,86.79,2121985
23-Sep-14,86.37,86.39,84.06,84.90,3092514
22-Sep-14,88.30,88.32,86.30,86.77,2207729
19-Sep-14,91.25,91.55,88.99,88.99,3012845
18-Sep-14,90.20,90.55,89.57,90.38,1251638
17-Sep-14,89.99,90.47,89.58,89.80,1194774
16-Sep-14,89.48,89.72,88.51,89.27,805525
15-Sep-14,89.05,90.29,88.95,89.49,915952
12-Sep-14,90.18,90.22,88.86,89.43,829482
11-Sep-14,90.95,90.96,89.02,90.00,1175682
10-Sep-14,90.45,90.80,89.89,90.33,1132539
9-Sep-14,91.71,92.31,90.64,91.24,1034089
8-Sep-14,92.23,92.75,91.35,91.91,875527
5-Sep-14,91.67,92.59,91.12,92.05,1376233
4-Sep-14,89.86,91.80,89.02,91.54,1824426
3-Sep-14,88.09,90.54,87.99,90.01,1720014
2-Sep-14,88.60,89.16,87.82,87.99,1025745
1-Sep-14,88.75,88.83,87.51,88.01,809751
29-Aug-14,89.54,89.87,87.71,88.60,1415090
28-Aug-14,89.79,89.97,88.56,89.28,1374171
27-Aug-14,91.07,91.22,89.78,90.28,1045722
26-Aug-14,91.26,91.50,90.12,91.14,1242922
25-Aug-14,90.50,91.25,90.30,91.13,1024001
22-Aug-14,89.93,90.18,88.55,89.06,1091000
21-Aug-14,89.08,89.79,88.29,89.78,1173293
20-Aug-14,89.20,89.25,87.66,88.61,977004
19-Aug-14,88.50,89.24,88.30,89.02,841671
18-Aug-14,87.78,88.31,87.26,88.03,928020
15-Aug-14,88.69,89.25,86.02,86.24,1961060
14-Aug-14,87.73,88.89,87.20,88.28,1109207
13-Aug-14,88.07,88.29,87.10,87.83,1109169
12-Aug-14,88.67,88.98,86.99,87.20,1216641
11-Aug-14,87.75,89.16,87.53,88.83,1631420
8-Aug-14,84.60,87.20,83.75,86.39,2050884
7-Aug-14,88.21,88.92,85.86,86.20,2097155
6-Aug-14,87.85,88.64,86.31,88.04,2153944
5-Aug-14,91.66,91.74,87.66,88.50,2950053
4-Aug-14,88.20,89.34,88.01,88.41,1701246
1-Aug-14,89.36,89.46,86.88,87.63,2109090
31-Jul-14,91.39,91.39,89.02,89.34,1791953
30-Jul-14,91.56,92.53,90.72,90.97,1227811
29-Jul-14,92.40,92.81,90.92,91.53,1826134
28-Jul-14,94.37,94.37,91.69,92.21,1993699
25-Jul-14,95.05,95.78,93.97,94.30,1496918
24-Jul-14,94.46,95.64,93.64,95.51,1105074
23-Jul-14,94.04,95.05,93.62,94.46,1098408
22-Jul-14,93.44,94.45,93.03,93.97,1224949
21-Jul-14,93.75,93.85,92.12,92.48,1108062
18-Jul-14,93.90,94.32,93.15,93.61,2026779
17-Jul-14,94.90,96.10,94.31,94.47,1540519
16-Jul-14,93.06,95.29,93.06,95.25,1555541
15-Jul-14,92.78,93.90,92.04,92.48,1047813
14-Jul-14,92.65,93.10,91.58,92.83,963382
11-Jul-14,91.87,92.77,91.50,92.07,1066279
10-Jul-14,92.70,92.70,90.50,91.42,1468986
9-Jul-14,92.97,93.27,92.10,92.72,915621
8-Jul-14,94.30,94.41,92.70,92.70,1082984
7-Jul-14,94.85,95.30,93.91,93.91,925948
4-Jul-14,95.50,95.89,94.94,95.15,851498
3-Jul-14,94.18,95.32,93.49,95.32,1194046
2-Jul-14,93.30,94.73,93.23,93.88,1085690
1-Jul-14,92.86,93.33,92.10,93.30,1007073
30-Jun-14,92.50,93.32,92.35,92.62,1105942
27-Jun-14,92.81,92.87,91.92,92.36,911405
26-Jun-14,93.50,93.52,91.32,92.48,1067451
25-Jun-14,93.45,93.79,92.38,93.09,1280630
24-Jun-14,92.99,94.21,92.85,94.10,1688145
23-Jun-14,92.53,92.55,91.20,91.50,824017
20-Jun-14,92.65,93.48,92.47,92.56,2696673
19-Jun-14,92.50,92.86,92.04,92.67,1357245
18-Jun-14,91.10,92.13,90.39,91.41,1753546
17-Jun-14,91.45,91.95,90.47,90.75,1030298
16-Jun-14,90.34,91.14,90.26,90.93,858916
13-Jun-14,91.40,91.54,90.02,90.76,1287758
12-Jun-14,91.58,91.97,90.99,91.36,993840
11-Jun-14,92.25,92.40,91.30,91.74,901745
10-Jun-14,92.58,92.60,91.55,92.02,1179158
9-Jun-14,93.35,93.35,92.11,92.58,647395
6-Jun-14,93.00,93.27,92.57,92.88,1102585
5-Jun-14,91.39,92.84,90.95,92.76,1824330
4-Jun-14,92.10,92.13,90.28,91.27,1284077
3-Jun-14,91.69,92.02,91.05,92.02,1019484
2-Jun-14,91.75,92.49,90.79,91.48,1087656
