Date,Open,High,Low,Close,Volume
5-Jun-15,31.06,31.06,30.80,30.92,33230
4-Jun-15,31.51,31.56,31.34,31.50,65204
3-Jun-15,31.16,31.60,31.16,31.54,56123
2-Jun-15,31.45,31.45,31.19,31.34,43078
1-Jun-15,31.63,31.74,31.54,31.54,32684
29-May-15,31.78,31.90,31.59,31.62,35944
28-May-15,31.74,31.74,31.45,31.52,66686
27-May-15,32.22,32.61,31.92,32.28,44207
26-May-15,33.20,33.20,32.69,32.72,89514
22-May-15,33.33,33.55,33.31,33.43,108622
21-May-15,34.75,34.93,34.70,34.80,28296
20-May-15,34.35,34.52,34.30,34.48,27803
19-May-15,34.27,34.40,34.27,34.40,37166
18-May-15,34.37,34.79,34.37,34.74,13578
15-May-15,34.78,34.85,34.68,34.85,28166
14-May-15,35.29,35.60,35.29,35.60,32611
13-May-15,34.55,34.88,34.55,34.71,17605
12-May-15,34.62,34.78,34.60,34.78,38082
11-May-15,35.65,35.67,35.41,35.45,73116
8-May-15,34.55,34.64,34.42,34.47,36899
7-May-15,32.62,33.00,32.57,32.95,49029
6-May-15,34.38,34.38,33.56,33.74,22713
5-May-15,34.65,34.70,34.59,34.61,18065
4-May-15,34.89,34.89,34.55,34.76,22945
1-May-15,34.37,34.61,34.35,34.59,109750
30-Apr-15,34.58,34.95,34.21,34.21,38730
29-Apr-15,34.76,34.98,34.76,34.92,28622
28-Apr-15,34.20,34.59,34.20,34.59,42699
27-Apr-15,33.99,34.00,33.55,33.57,29606
24-Apr-15,33.57,33.64,33.50,33.55,43854
23-Apr-15,33.73,33.74,33.57,33.73,31039
22-Apr-15,33.77,34.00,33.77,33.90,127821
21-Apr-15,33.52,33.64,33.37,33.40,47076
20-Apr-15,32.93,32.93,32.48,32.52,46071
17-Apr-15,33.84,33.84,33.21,33.31,46254
16-Apr-15,34.45,34.69,34.37,34.51,35400
15-Apr-15,34.55,34.55,34.03,34.35,69197
14-Apr-15,33.53,33.80,33.53,33.68,32428
13-Apr-15,34.13,34.67,34.13,34.35,56979
10-Apr-15,33.19,33.52,33.19,33.38,57157
9-Apr-15,32.91,33.65,32.91,33.57,130204
8-Apr-15,30.87,31.00,30.58,30.58,418853
7-Apr-15,29.40,29.47,29.27,29.29,30774
6-Apr-15,28.95,29.40,28.92,29.36,17530
2-Apr-15,28.76,29.16,28.76,29.15,23426
1-Apr-15,29.00,29.10,28.78,29.05,22428
31-Mar-15,28.86,29.20,28.86,29.15,48303
30-Mar-15,28.60,29.17,28.60,28.97,18744
27-Mar-15,28.40,28.80,28.40,28.57,23702
26-Mar-15,29.14,29.20,28.90,29.08,74386
25-Mar-15,29.70,29.70,29.51,29.58,41751
24-Mar-15,29.03,29.38,29.03,29.34,25989
23-Mar-15,28.70,29.10,28.70,29.09,26508
20-Mar-15,28.29,28.40,28.20,28.34,26310
19-Mar-15,28.45,28.56,28.33,28.56,38936
18-Mar-15,28.22,28.56,28.22,28.56,33392
17-Mar-15,27.78,28.12,27.75,27.87,29910
16-Mar-15,28.00,28.45,27.80,28.45,63446
13-Mar-15,28.35,28.35,27.75,27.93,88248
12-Mar-15,29.20,29.73,29.20,29.73,28461
11-Mar-15,29.21,29.37,29.03,29.06,47787
10-Mar-15,29.96,30.16,29.91,29.95,59550
9-Mar-15,30.95,31.18,30.95,31.14,39012
6-Mar-15,31.26,31.47,31.26,31.34,42518
5-Mar-15,31.02,31.02,30.90,31.01,62187
4-Mar-15,30.87,30.87,30.50,30.68,56430
3-Mar-15,30.72,30.80,30.56,30.80,46870
2-Mar-15,31.06,31.23,31.05,31.08,75079
27-Feb-15,30.72,30.92,30.57,30.58,45870
26-Feb-15,30.53,30.64,30.46,30.49,39156
25-Feb-15,30.62,30.64,30.43,30.45,48818
24-Feb-15,30.75,30.75,30.63,30.65,57808
23-Feb-15,30.79,30.89,30.72,30.73,153314
20-Feb-15,30.21,30.25,29.60,29.62,99619
19-Feb-15,30.40,30.50,30.35,30.38,27028
18-Feb-15,30.76,30.76,30.36,30.42,36641
17-Feb-15,30.78,30.78,30.52,30.52,39827
13-Feb-15,31.47,31.47,31.21,31.25,49202
12-Feb-15,31.63,31.81,31.61,31.75,41442
11-Feb-15,30.80,31.00,30.80,30.86,65397
10-Feb-15,30.60,30.60,30.40,30.57,29961
9-Feb-15,30.35,30.48,30.24,30.35,101319
6-Feb-15,29.35,29.63,29.35,29.40,57302
5-Feb-15,29.78,29.94,29.77,29.94,48589
4-Feb-15,29.16,29.75,29.16,29.50,185730
3-Feb-15,27.91,28.49,27.91,28.45,124971
2-Feb-15,26.13,26.13,25.90,26.06,71451
30-Jan-15,25.85,26.19,25.64,25.64,140869
29-Jan-15,25.84,26.08,25.65,25.86,79562
28-Jan-15,26.70,26.80,26.39,26.39,41021
27-Jan-15,26.90,27.07,26.77,27.03,72753
26-Jan-15,27.20,27.42,27.18,27.33,31689
23-Jan-15,27.04,27.20,26.93,26.93,51149
22-Jan-15,26.48,26.80,26.48,26.61,27073
21-Jan-15,26.72,26.84,26.58,26.79,35130
20-Jan-15,26.74,26.85,26.56,26.61,30985
16-Jan-15,26.86,26.86,26.51,26.67,146399
15-Jan-15,27.30,27.41,27.06,27.07,33182
14-Jan-15,27.42,27.73,27.33,27.64,41092
13-Jan-15,27.62,27.71,27.32,27.33,88853
12-Jan-15,27.82,27.99,27.57,27.57,25979
9-Jan-15,27.90,27.90,27.45,27.51,29721
8-Jan-15,27.86,28.08,27.86,28.08,61323
7-Jan-15,26.70,27.00,26.70,26.95,81547
6-Jan-15,25.79,25.83,25.54,25.69,35083
5-Jan-15,25.97,25.97,25.51,25.53,30626
2-Jan-15,26.06,26.20,26.06,26.10,37224
31-Dec-14,26.10,26.35,26.10,26.22,31605
30-Dec-14,26.20,26.21,26.12,26.17,37851
29-Dec-14,26.15,26.40,26.15,26.30,64368
26-Dec-14,26.13,26.76,26.07,26.64,19011
24-Dec-14,25.95,26.26,25.95,26.04,10026
23-Dec-14,25.92,26.07,25.91,25.95,47873
22-Dec-14,26.28,26.30,26.05,26.16,36214
19-Dec-14,26.00,26.40,26.00,26.38,36278
18-Dec-14,25.65,25.67,25.50,25.56,76538
17-Dec-14,25.81,26.05,25.42,25.82,126341
16-Dec-14,26.31,26.90,26.31,26.67,68228
15-Dec-14,27.21,27.51,26.78,26.78,38410
12-Dec-14,27.15,27.23,26.89,26.89,39583
11-Dec-14,27.62,27.62,27.23,27.33,34086
10-Dec-14,27.58,27.67,27.45,27.51,57286
9-Dec-14,27.18,27.48,27.02,27.25,45315
8-Dec-14,27.48,27.99,27.32,27.32,71550
5-Dec-14,27.10,27.34,27.01,27.04,547091
4-Dec-14,26.99,27.10,26.96,27.03,38386
3-Dec-14,27.03,27.03,26.86,26.89,48176
2-Dec-14,27.28,27.60,27.28,27.45,47305
1-Dec-14,27.58,27.97,27.10,27.13,57710
28-Nov-14,27.98,28.00,27.88,27.97,8593
26-Nov-14,27.76,27.96,27.76,27.89,43137
25-Nov-14,27.60,27.76,27.48,27.48,38389
24-Nov-14,27.40,27.73,27.40,27.52,67421
21-Nov-14,27.16,27.61,27.16,27.55,55374
20-Nov-14,26.57,26.92,26.53,26.65,30047
19-Nov-14,26.85,27.03,26.78,26.92,47296
18-Nov-14,27.15,27.15,26.74,26.85,65247
17-Nov-14,27.50,27.85,27.44,27.49,50446
14-Nov-14,28.17,28.24,27.68,28.15,78305
13-Nov-14,27.83,27.83,27.51,27.60,18989
12-Nov-14,27.85,27.85,27.65,27.75,30684
11-Nov-14,28.19,28.19,27.95,28.06,22637
10-Nov-14,27.08,27.42,27.08,27.20,50096
7-Nov-14,26.52,26.69,26.50,26.63,143500
6-Nov-14,28.08,28.08,27.75,27.90,65611
5-Nov-14,29.60,29.61,29.50,29.58,62196
4-Nov-14,29.35,29.50,29.26,29.50,50303
3-Nov-14,29.50,29.50,29.20,29.28,56495
31-Oct-14,29.75,29.75,29.32,29.49,47321
30-Oct-14,29.69,29.70,29.45,29.56,32264
29-Oct-14,29.82,29.82,29.38,29.50,21770
28-Oct-14,29.30,29.65,29.29,29.64,43109
27-Oct-14,29.00,29.06,28.80,28.93,18409
24-Oct-14,29.03,29.09,28.85,29.09,28412
23-Oct-14,29.14,29.15,29.00,29.02,38647
22-Oct-14,29.13,29.13,28.95,28.95,23332
21-Oct-14,28.89,29.05,28.75,29.02,55066
20-Oct-14,28.35,28.54,28.08,28.53,79575
17-Oct-14,27.93,28.28,26.34,28.01,52444
16-Oct-14,27.38,28.01,27.35,27.81,67149
15-Oct-14,28.00,28.45,27.74,28.10,70993
14-Oct-14,27.99,27.99,27.56,27.59,57885
13-Oct-14,28.25,28.25,27.75,27.75,104673
10-Oct-14,29.00,29.00,28.55,28.60,69621
9-Oct-14,30.74,30.74,30.12,30.18,45352
8-Oct-14,30.91,31.00,30.53,30.94,42892
7-Oct-14,30.44,30.89,30.44,30.77,33870
6-Oct-14,30.13,30.45,30.13,30.28,36842
3-Oct-14,29.96,30.09,29.92,29.92,73709
2-Oct-14,29.30,29.35,28.74,29.00,138703
1-Oct-14,29.51,29.62,29.31,29.35,60044
30-Sep-14,29.96,29.96,29.54,29.75,52349
29-Sep-14,30.07,30.14,29.69,29.82,57508
26-Sep-14,30.54,30.82,30.52,30.76,32446
25-Sep-14,30.40,30.73,30.25,30.30,50244
24-Sep-14,30.72,30.72,30.35,30.68,35019
23-Sep-14,30.52,30.85,30.52,30.76,32797
22-Sep-14,31.00,31.00,30.60,30.61,41604
19-Sep-14,31.26,31.27,31.02,31.10,25043
18-Sep-14,30.83,31.19,30.82,31.17,38583
17-Sep-14,30.90,31.25,30.90,31.00,60590
16-Sep-14,30.03,30.45,29.83,30.38,78257
15-Sep-14,31.26,31.26,30.70,30.78,80848
12-Sep-14,31.42,31.77,31.36,31.50,44125
11-Sep-14,30.68,30.91,30.60,30.75,69898
10-Sep-14,32.12,32.16,31.96,32.16,29720
9-Sep-14,32.64,32.64,32.35,32.44,31606
8-Sep-14,32.50,32.74,32.46,32.51,35062
5-Sep-14,31.77,31.89,31.77,31.84,37039
4-Sep-14,31.69,31.83,31.61,31.65,49938
3-Sep-14,31.90,32.05,31.70,31.82,38324
2-Sep-14,31.30,31.47,31.30,31.47,41789
29-Aug-14,30.48,30.69,30.47,30.52,36139
28-Aug-14,30.04,30.04,29.85,29.91,38118
27-Aug-14,30.24,30.40,30.24,30.40,26213
26-Aug-14,30.19,30.26,30.15,30.25,61685
25-Aug-14,30.36,30.36,30.19,30.27,30480
22-Aug-14,30.67,30.67,30.42,30.48,52285
21-Aug-14,30.59,30.65,30.38,30.65,21937
20-Aug-14,30.35,30.38,30.22,30.34,50891
19-Aug-14,30.96,31.26,30.96,31.26,89201
18-Aug-14,30.00,30.44,29.95,30.42,107010
15-Aug-14,30.00,30.00,29.78,29.89,47477
14-Aug-14,29.05,29.15,29.00,29.13,42446
13-Aug-14,29.40,29.45,29.26,29.40,79153
12-Aug-14,29.52,29.70,29.51,29.59,220406
11-Aug-14,28.60,28.69,28.60,28.69,47548
8-Aug-14,28.41,28.54,27.36,28.52,49995
7-Aug-14,28.05,28.19,28.04,28.05,31450
6-Aug-14,27.68,27.75,27.68,27.73,62718
5-Aug-14,27.54,27.68,27.54,27.60,56980
4-Aug-14,27.30,27.40,27.29,27.39,40557
1-Aug-14,27.31,27.46,27.21,27.38,90682
31-Jul-14,27.23,27.33,27.03,27.07,108579
30-Jul-14,27.13,27.29,27.05,27.06,34887
29-Jul-14,27.92,27.92,27.69,27.70,54569
28-Jul-14,27.89,27.89,27.77,27.83,32109
25-Jul-14,27.90,27.91,27.73,27.73,38147
24-Jul-14,27.77,27.97,27.77,27.88,55141
23-Jul-14,27.25,27.25,27.05,27.05,121369
22-Jul-14,27.76,27.76,27.66,27.69,36971
21-Jul-14,28.17,28.17,27.95,28.06,50615
18-Jul-14,28.50,28.59,28.33,28.47,39273
17-Jul-14,28.32,28.32,28.01,28.01,41168
16-Jul-14,28.38,28.46,28.33,28.42,51321
15-Jul-14,28.34,28.48,28.27,28.34,34748
14-Jul-14,28.02,28.24,28.02,28.23,64218
11-Jul-14,27.80,27.93,27.79,27.93,21536
10-Jul-14,27.04,27.31,27.00,27.31,24806
9-Jul-14,27.38,27.38,27.21,27.23,57424
8-Jul-14,27.74,27.82,27.62,27.68,143514
7-Jul-14,27.00,27.04,26.72,27.00,48768
3-Jul-14,27.10,27.10,26.87,26.87,21962
2-Jul-14,26.80,26.80,26.65,26.75,26604
1-Jul-14,27.05,27.05,26.82,27.03,36590
30-Jun-14,27.00,27.20,27.00,27.19,66684
27-Jun-14,26.64,26.75,26.63,26.75,29747
26-Jun-14,26.47,26.67,26.47,26.66,36374
25-Jun-14,26.56,26.94,26.56,26.88,33007
24-Jun-14,26.37,26.55,26.34,26.35,33628
23-Jun-14,26.26,26.26,26.06,26.18,74732
20-Jun-14,26.28,26.36,26.27,26.36,33658
19-Jun-14,26.07,26.18,26.07,26.18,22865
18-Jun-14,25.79,25.79,25.56,25.75,24782
17-Jun-14,25.72,25.89,25.72,25.89,54145
16-Jun-14,25.51,25.68,25.50,25.66,60905
13-Jun-14,25.44,25.47,25.39,25.41,101598
12-Jun-14,24.94,25.23,24.87,24.87,26457
11-Jun-14,24.75,24.89,24.69,24.80,19510
10-Jun-14,24.75,24.86,24.75,24.83,18883
9-Jun-14,24.70,24.85,24.69,24.85,22622
